   1.000 0.1544396E-015 0.1544396E-015
   1.100 0.3372019E-014 0.3372019E-014
   1.200 0.4914133E-013 0.4914133E-013
   1.300 0.5176540E-012 0.5176540E-012
   1.400 0.4181337E-011 0.4181337E-011
   1.500 0.2709890E-010 0.2709890E-010
   1.600 0.1459598E-009 0.1459598E-009
   1.700 0.6715624E-009 0.6715624E-009
   1.800 0.2699088E-008 0.2699088E-008
   1.900 0.9649664E-008 0.9649664E-008
   2.000 0.3114500E-007 0.3114500E-007
   2.100 0.9188694E-007 0.9188694E-007
   2.200 0.2503514E-006 0.2503514E-006
   2.300 0.6355292E-006 0.6355292E-006
   2.400 0.1514112E-005 0.1514112E-005
   2.500 0.3408149E-005 0.3408149E-005
   2.600 0.7286568E-005 0.7286568E-005
   2.700 0.1486962E-004 0.1486962E-004
   2.800 0.2908637E-004 0.2908637E-004
   2.900 0.5472835E-004 0.5472835E-004
   3.000 0.9939646E-004 0.9939646E-004
   3.100 0.1747361E-003 0.1747361E-003
   3.200 0.2980542E-003 0.2980542E-003
   3.300 0.4944700E-003 0.4944700E-003
   3.400 0.7993802E-003 0.7993802E-003
   3.500 0.1261493E-002 0.1261493E-002
   3.600 0.1946211E-002 0.1946211E-002
   3.700 0.2939127E-002 0.2939127E-002
   3.800 0.4349994E-002 0.4349994E-002
   3.900 0.6314270E-002 0.6314270E-002
   4.000 0.8996029E-002 0.8996029E-002
   4.100 0.1258478E-001 0.1258478E-001
   4.200 0.1729126E-001 0.1729126E-001
   4.300 0.2333681E-001 0.2333681E-001
   4.400 0.3093776E-001 0.3093776E-001
   4.500 0.4028769E-001 0.4028769E-001
   4.600 0.5153001E-001 0.5153001E-001
   4.700 0.6474334E-001 0.6474334E-001
   4.800 0.7992254E-001 0.7992254E-001
   4.900 0.9697458E-001 0.9697458E-001
   5.000 0.1157333E+000 0.1157333E+000
   5.100 0.1359872E+000 0.1359872E+000
   5.200 0.1575349E+000 0.1575349E+000
   5.300 0.1801337E+000 0.1801337E+000
   5.400 0.2034644E+000 0.2034644E+000
   5.500 0.2273363E+000 0.2273363E+000
   5.600 0.2514804E+000 0.2514804E+000
   5.700 0.2756199E+000 0.2756199E+000
   5.800 0.2995561E+000 0.2995561E+000
   5.900 0.3232466E+000 0.3232466E+000
   6.000 0.3465576E+000 0.3465576E+000
   6.100 0.3693447E+000 0.3693447E+000
   6.200 0.3915027E+000 0.3915027E+000
   6.300 0.4129757E+000 0.4129757E+000
   6.400 0.4338290E+000 0.4338290E+000
   6.500 0.4541321E+000 0.4541321E+000
   6.600 0.4738089E+000 0.4738089E+000
   6.700 0.4928400E+000 0.4928400E+000
   6.800 0.5111992E+000 0.5111992E+000
   6.900 0.5288734E+000 0.5288734E+000
   7.000 0.5458923E+000 0.5458923E+000
   7.100 0.5623980E+000 0.5623980E+000
   7.200 0.5784026E+000 0.5784026E+000
   7.300 0.5939113E+000 0.5939113E+000
   7.400 0.6088743E+000 0.6088743E+000
   7.500 0.6233641E+000 0.6233641E+000
   7.600 0.6373445E+000 0.6373445E+000
   7.700 0.6508146E+000 0.6508146E+000
   7.800 0.6637713E+000 0.6637713E+000
   7.900 0.6763112E+000 0.6763112E+000
   8.000 0.6885070E+000 0.6885070E+000
   8.100 0.7003646E+000 0.7003646E+000
   8.200 0.7118775E+000 0.7118775E+000
   8.300 0.7230440E+000 0.7230440E+000
   8.400 0.7338676E+000 0.7338676E+000
   8.500 0.7443062E+000 0.7443062E+000
   8.600 0.7542703E+000 0.7542703E+000
   8.700 0.7640343E+000 0.7640343E+000
   8.800 0.7734079E+000 0.7734079E+000
   8.900 0.7825117E+000 0.7825117E+000
   9.000 0.7913836E+000 0.7913836E+000
   9.100 0.8000433E+000 0.8000433E+000
   9.200 0.8084718E+000 0.8084718E+000
   9.300 0.8166896E+000 0.8166896E+000
   9.400 0.8246802E+000 0.8246802E+000
   9.500 0.8324369E+000 0.8324369E+000
   9.600 0.8399747E+000 0.8399747E+000
   9.700 0.8472928E+000 0.8472928E+000
   9.800 0.8543686E+000 0.8543686E+000
   9.900 0.8612180E+000 0.8612180E+000
  10.000 0.8678448E+000 0.8678448E+000
  10.100 0.8742343E+000 0.8742343E+000
  10.200 0.8804475E+000 0.8804475E+000
  10.300 0.8865227E+000 0.8865227E+000
  10.400 0.8924563E+000 0.8924563E+000
  10.500 0.8981458E+000 0.8981458E+000
  10.600 0.9038005E+000 0.9038005E+000
  10.700 0.9093202E+000 0.9093202E+000
  10.800 0.9146992E+000 0.9146992E+000
  10.900 0.9199361E+000 0.9199361E+000
  11.000 0.9250338E+000 0.9250338E+000
  11.100 0.9299969E+000 0.9299969E+000
  11.200 0.9348130E+000 0.9348130E+000
  11.300 0.9394891E+000 0.9394891E+000
  11.400 0.9440224E+000 0.9440224E+000
  11.500 0.9484014E+000 0.9484014E+000
  11.600 0.9526376E+000 0.9526376E+000
  11.700 0.9567796E+000 0.9567796E+000
  11.800 0.9608325E+000 0.9608325E+000
  11.900 0.9647850E+000 0.9647850E+000
  12.000 0.9686487E+000 0.9686487E+000
  12.100 0.9724276E+000 0.9724276E+000
  12.200 0.9761019E+000 0.9761019E+000
  12.300 0.9796912E+000 0.9796912E+000
  12.400 0.9831932E+000 0.9831932E+000
  12.500 0.9866177E+000 0.9866177E+000
  12.600 0.9899529E+000 0.9899529E+000
  12.700 0.9932165E+000 0.9932165E+000
  12.800 0.9963519E+000 0.9963519E+000
  12.900 0.9994458E+000 0.9994458E+000
  13.000 0.1002457E+001 0.1002457E+001
  13.100 0.1005378E+001 0.1005378E+001
  13.200 0.1008201E+001 0.1008201E+001
  13.300 0.1010926E+001 0.1010926E+001
  13.400 0.1013588E+001 0.1013588E+001
  13.500 0.1016084E+001 0.1016084E+001
  13.600 0.1018626E+001 0.1018626E+001
  13.700 0.1021111E+001 0.1021111E+001
  13.800 0.1023523E+001 0.1023523E+001
  13.900 0.1025876E+001 0.1025876E+001
  14.000 0.1028163E+001 0.1028163E+001
  14.100 0.1030398E+001 0.1030398E+001
  14.200 0.1032587E+001 0.1032587E+001
  14.300 0.1034712E+001 0.1034712E+001
  14.400 0.1036798E+001 0.1036798E+001
  14.500 0.1038843E+001 0.1038843E+001
  14.600 0.1040844E+001 0.1040844E+001
  14.700 0.1042807E+001 0.1042807E+001
  14.800 0.1044728E+001 0.1044728E+001
  14.900 0.1046599E+001 0.1046599E+001
  15.000 0.1048416E+001 0.1048416E+001
  15.100 0.1050179E+001 0.1050179E+001
  15.200 0.1051888E+001 0.1051888E+001
  15.300 0.1053520E+001 0.1053520E+001
  15.400 0.1055116E+001 0.1055116E+001
  15.500 0.1056677E+001 0.1056677E+001
  15.600 0.1058187E+001 0.1058187E+001
  15.700 0.1059660E+001 0.1059660E+001
  15.800 0.1061068E+001 0.1061068E+001
  15.900 0.1062439E+001 0.1062439E+001
  16.000 0.1063706E+001 0.1063706E+001
  16.100 0.1064993E+001 0.1064993E+001
  16.200 0.1066241E+001 0.1066241E+001
  16.300 0.1067459E+001 0.1067459E+001
  16.400 0.1068638E+001 0.1068638E+001
  16.500 0.1069807E+001 0.1069807E+001
  16.600 0.1070943E+001 0.1070943E+001
  16.700 0.1072076E+001 0.1072076E+001
  16.800 0.1073183E+001 0.1073183E+001
  16.900 0.1074279E+001 0.1074279E+001
  17.000 0.1075359E+001 0.1075359E+001
  17.100 0.1076417E+001 0.1076417E+001
  17.200 0.1077453E+001 0.1077453E+001
  17.300 0.1078457E+001 0.1078457E+001
  17.400 0.1079428E+001 0.1079428E+001
  17.500 0.1080268E+001 0.1080268E+001
  17.600 0.1081171E+001 0.1081171E+001
  17.700 0.1082048E+001 0.1082048E+001
  17.800 0.1082848E+001 0.1082848E+001
  17.900 0.1083643E+001 0.1083643E+001
  18.000 0.1084403E+001 0.1084403E+001
  18.100 0.1085120E+001 0.1085120E+001
  18.200 0.1085801E+001 0.1085801E+001
  18.300 0.1086441E+001 0.1086441E+001
  18.400 0.1087048E+001 0.1087048E+001
  18.500 0.1087628E+001 0.1087628E+001
  18.600 0.1088168E+001 0.1088168E+001
  18.700 0.1088696E+001 0.1088696E+001
  18.800 0.1089203E+001 0.1089203E+001
  18.900 0.1089697E+001 0.1089697E+001
  19.000 0.1090192E+001 0.1090192E+001
  19.100 0.1090684E+001 0.1090684E+001
  19.200 0.1091175E+001 0.1091175E+001
  19.300 0.1091670E+001 0.1091670E+001
  19.400 0.1092163E+001 0.1092163E+001
  19.500 0.1092657E+001 0.1092657E+001
  19.600 0.1093156E+001 0.1093156E+001
  19.700 0.1093643E+001 0.1093643E+001
  19.800 0.1094125E+001 0.1094125E+001
