   0.100 0.7123624E-079 0.7123624E-079
   0.200 0.5523777E-067 0.5523777E-067
   0.300 0.8019764E-052 0.8019764E-052
   0.400 0.1163821E-042 0.1163821E-042
   0.500 0.1995374E-036 0.1995374E-036
   0.600 0.7742140E-032 0.7742140E-032
   0.700 0.2787586E-028 0.2787586E-028
   0.800 0.2013210E-025 0.2013210E-025
   0.900 0.4625009E-023 0.4625009E-023
   1.000 0.4536656E-021 0.4536656E-021
   1.100 0.2318651E-019 0.2318651E-019
   1.200 0.7096403E-018 0.7096403E-018
   1.300 0.1438346E-016 0.1438346E-016
   1.400 0.2081744E-015 0.2081744E-015
   1.500 0.2278418E-014 0.2278418E-014
   1.600 0.1971329E-013 0.1971329E-013
   1.700 0.1396734E-012 0.1396734E-012
   1.800 0.8335594E-012 0.8335594E-012
   1.900 0.4286648E-011 0.4286648E-011
   2.000 0.1936460E-010 0.1936460E-010
   2.100 0.7804592E-010 0.7804592E-010
   2.200 0.2842810E-009 0.2842810E-009
   2.300 0.9465416E-009 0.9465416E-009
   2.400 0.2908346E-008 0.2908346E-008
   2.500 0.8313580E-008 0.8313580E-008
   2.600 0.2226120E-007 0.2226120E-007
   2.700 0.5618550E-007 0.5618550E-007
   2.800 0.1343970E-006 0.1343970E-006
   2.900 0.3060468E-006 0.3060468E-006
   3.000 0.6661777E-006 0.6661777E-006
   3.100 0.1391470E-005 0.1391470E-005
   3.200 0.2797976E-005 0.2797976E-005
   3.300 0.5431140E-005 0.5431140E-005
   3.400 0.1020397E-004 0.1020397E-004
   3.500 0.1860176E-004 0.1860176E-004
   3.600 0.3296778E-004 0.3296778E-004
   3.700 0.5692003E-004 0.5692003E-004
   3.800 0.9588687E-004 0.9588687E-004
   3.900 0.1578665E-003 0.1578665E-003
   4.000 0.2543979E-003 0.2543979E-003
   4.100 0.4017445E-003 0.4017445E-003
   4.200 0.6225134E-003 0.6225134E-003
   4.300 0.9472581E-003 0.9472581E-003
   4.400 0.1417001E-002 0.1417001E-002
   4.500 0.2085135E-002 0.2085135E-002
   4.600 0.3020806E-002 0.3020806E-002
   4.700 0.4310879E-002 0.4310879E-002
   4.800 0.6061968E-002 0.6061968E-002
   4.900 0.8402755E-002 0.8402755E-002
   5.000 0.1148066E-001 0.1148066E-001
   5.100 0.1546396E-001 0.1546396E-001
   5.200 0.2052974E-001 0.2052974E-001
   5.300 0.2685954E-001 0.2685954E-001
   5.400 0.3461915E-001 0.3461915E-001
   5.500 0.4394527E-001 0.4394527E-001
   5.600 0.5493802E-001 0.5493802E-001
   5.700 0.6762334E-001 0.6762334E-001
   5.800 0.8196367E-001 0.8196367E-001
   5.900 0.9785608E-001 0.9785608E-001
   6.000 0.1151669E+000 0.1151669E+000
   6.100 0.1337230E+000 0.1337230E+000
   6.200 0.1532973E+000 0.1532973E+000
   6.300 0.1736866E+000 0.1736866E+000
   6.400 0.1948522E+000 0.1948522E+000
   6.500 0.2165667E+000 0.2165667E+000
   6.600 0.2385774E+000 0.2385774E+000
   6.700 0.2606418E+000 0.2606418E+000
   6.800 0.2825197E+000 0.2825197E+000
   6.900 0.3040372E+000 0.3040372E+000
   7.000 0.3250346E+000 0.3250346E+000
   7.100 0.3454609E+000 0.3454609E+000
   7.200 0.3654721E+000 0.3654721E+000
   7.300 0.3850311E+000 0.3850311E+000
   7.400 0.4041416E+000 0.4041416E+000
   7.500 0.4228123E+000 0.4228123E+000
   7.600 0.4410559E+000 0.4410559E+000
   7.700 0.4589242E+000 0.4589242E+000
   7.800 0.4764490E+000 0.4764490E+000
   7.900 0.4936272E+000 0.4936272E+000
   8.000 0.5104352E+000 0.5104352E+000
   8.100 0.5268102E+000 0.5268102E+000
   8.200 0.5426887E+000 0.5426887E+000
   8.300 0.5579839E+000 0.5579839E+000
   8.400 0.5726413E+000 0.5726413E+000
   8.500 0.5867916E+000 0.5867916E+000
   8.600 0.6003816E+000 0.6003816E+000
   8.700 0.6133851E+000 0.6133851E+000
   8.800 0.6257940E+000 0.6257940E+000
   8.900 0.6376331E+000 0.6376331E+000
   9.000 0.6489885E+000 0.6489885E+000
   9.100 0.6599216E+000 0.6599216E+000
   9.200 0.6705728E+000 0.6705728E+000
   9.300 0.6810211E+000 0.6810211E+000
   9.400 0.6913859E+000 0.6913859E+000
   9.500 0.7017413E+000 0.7017413E+000
   9.600 0.7121282E+000 0.7121282E+000
   9.700 0.7225711E+000 0.7225711E+000
   9.800 0.7330482E+000 0.7330482E+000
   9.900 0.7435194E+000 0.7435194E+000
  10.000 0.7539051E+000 0.7539051E+000
  10.100 0.7641039E+000 0.7641039E+000
  10.200 0.7740223E+000 0.7740223E+000
  10.300 0.7835866E+000 0.7835866E+000
  10.400 0.7928247E+000 0.7928247E+000
  10.500 0.8016631E+000 0.8016631E+000
  10.600 0.8100277E+000 0.8100277E+000
  10.700 0.8178660E+000 0.8178660E+000
  10.800 0.8251595E+000 0.8251595E+000
  10.900 0.8318732E+000 0.8318732E+000
  11.000 0.8381217E+000 0.8381217E+000
  11.100 0.8436392E+000 0.8436392E+000
  11.200 0.8490469E+000 0.8490469E+000
  11.300 0.8541667E+000 0.8541667E+000
  11.400 0.8590941E+000 0.8590941E+000
  11.500 0.8639239E+000 0.8639239E+000
  11.600 0.8687421E+000 0.8687421E+000
  11.700 0.8736322E+000 0.8736322E+000
  11.800 0.8786853E+000 0.8786853E+000
  11.900 0.8839357E+000 0.8839357E+000
  12.000 0.8894183E+000 0.8894183E+000
  12.100 0.8951613E+000 0.8951613E+000
  12.200 0.9011634E+000 0.9011634E+000
  12.300 0.9073763E+000 0.9073763E+000
  12.400 0.9137581E+000 0.9137581E+000
  12.500 0.9202637E+000 0.9202637E+000
  12.600 0.9268139E+000 0.9268139E+000
  12.700 0.9333116E+000 0.9333116E+000
  12.800 0.9396925E+000 0.9396925E+000
  12.900 0.9458618E+000 0.9458618E+000
  13.000 0.9518323E+000 0.9518323E+000
  13.100 0.9575418E+000 0.9575418E+000
  13.200 0.9629276E+000 0.9629276E+000
  13.300 0.9679328E+000 0.9679328E+000
  13.400 0.9725151E+000 0.9725151E+000
  13.500 0.9766572E+000 0.9766572E+000
  13.600 0.9803450E+000 0.9803450E+000
  13.700 0.9835924E+000 0.9835924E+000
  13.800 0.9864149E+000 0.9864149E+000
  13.900 0.9888548E+000 0.9888548E+000
  14.000 0.9909503E+000 0.9909503E+000
  14.100 0.9927667E+000 0.9927667E+000
  14.200 0.9943525E+000 0.9943525E+000
  14.300 0.9957778E+000 0.9957778E+000
  14.400 0.9971067E+000 0.9971067E+000
  14.500 0.9984116E+000 0.9984116E+000
  14.600 0.9997364E+000 0.9997364E+000
  14.700 0.1001155E+001 0.1001155E+001
  14.800 0.1002725E+001 0.1002725E+001
  14.900 0.1004478E+001 0.1004478E+001
  15.000 0.1006476E+001 0.1006476E+001
  15.100 0.1008723E+001 0.1008723E+001
  15.200 0.1011137E+001 0.1011137E+001
  15.300 0.1013965E+001 0.1013965E+001
  15.400 0.1017090E+001 0.1017090E+001
  15.500 0.1020472E+001 0.1020472E+001
  15.600 0.1024127E+001 0.1024127E+001
  15.700 0.1027980E+001 0.1027980E+001
  15.800 0.1032030E+001 0.1032030E+001
  15.900 0.1036200E+001 0.1036200E+001
  16.000 0.1040441E+001 0.1040441E+001
  16.100 0.1044709E+001 0.1044709E+001
  16.200 0.1048928E+001 0.1048928E+001
  16.300 0.1053039E+001 0.1053039E+001
  16.400 0.1057032E+001 0.1057032E+001
  16.500 0.1060873E+001 0.1060873E+001
  16.600 0.1064512E+001 0.1064512E+001
  16.700 0.1067903E+001 0.1067903E+001
  16.800 0.1071008E+001 0.1071008E+001
  16.900 0.1073797E+001 0.1073797E+001
  17.000 0.1076249E+001 0.1076249E+001
  17.100 0.1078354E+001 0.1078354E+001
  17.200 0.1080103E+001 0.1080103E+001
  17.300 0.1081505E+001 0.1081505E+001
  17.400 0.1082573E+001 0.1082573E+001
  17.500 0.1083320E+001 0.1083320E+001
  17.600 0.1083776E+001 0.1083776E+001
  17.700 0.1083965E+001 0.1083965E+001
  17.800 0.1083928E+001 0.1083928E+001
  17.900 0.1083470E+001 0.1083470E+001
  18.000 0.1083085E+001 0.1083085E+001
  18.100 0.1082586E+001 0.1082586E+001
  18.200 0.1082009E+001 0.1082009E+001
  18.300 0.1081388E+001 0.1081388E+001
  18.400 0.1080775E+001 0.1080775E+001
  18.500 0.1080199E+001 0.1080199E+001
  18.600 0.1079695E+001 0.1079695E+001
  18.700 0.1079299E+001 0.1079299E+001
  18.800 0.1079047E+001 0.1079047E+001
  18.900 0.1078965E+001 0.1078965E+001
  19.000 0.1079076E+001 0.1079076E+001
  19.100 0.1079404E+001 0.1079404E+001
  19.200 0.1079961E+001 0.1079961E+001
  19.300 0.1080768E+001 0.1080768E+001
  19.400 0.1081831E+001 0.1081831E+001
  19.500 0.1083158E+001 0.1083158E+001
  19.600 0.1084738E+001 0.1084738E+001
  19.700 0.1086566E+001 0.1086566E+001
  19.800 0.1088613E+001 0.1088613E+001
