   0.100 0.1393168E-078 0.1393168E-078
   0.200 0.9669839E-067 0.9669839E-067
   0.300 0.1220946E-051 0.1220946E-051
   0.400 0.1628481E-042 0.1628481E-042
   0.500 0.2636531E-036 0.2636531E-036
   0.600 0.9808869E-032 0.9808869E-032
   0.700 0.3418046E-028 0.3418046E-028
   0.800 0.2404439E-025 0.2404439E-025
   0.900 0.5404970E-023 0.5404970E-023
   1.000 0.5207383E-021 0.5207383E-021
   1.100 0.2620256E-019 0.2620256E-019
   1.200 0.7909867E-018 0.7909867E-018
   1.300 0.1584843E-016 0.1584843E-016
   1.400 0.2269518E-015 0.2269518E-015
   1.500 0.2460970E-014 0.2460970E-014
   1.600 0.2111497E-013 0.2111497E-013
   1.700 0.1484761E-012 0.1484761E-012
   1.800 0.8798242E-012 0.8798242E-012
   1.900 0.4497213E-011 0.4497213E-011
   2.000 0.2019808E-010 0.2019808E-010
   2.100 0.8096327E-010 0.8096327E-010
   2.200 0.2935022E-009 0.2935022E-009
   2.300 0.9729177E-009 0.9729177E-009
   2.400 0.2976903E-008 0.2976903E-008
   2.500 0.8476112E-008 0.8476112E-008
   2.600 0.2261627E-007 0.2261627E-007
   2.700 0.5688682E-007 0.5688682E-007
   2.800 0.1356289E-006 0.1356289E-006
   2.900 0.3079249E-006 0.3079249E-006
   3.000 0.6685226E-006 0.6685226E-006
   3.100 0.1392673E-005 0.1392673E-005
   3.200 0.2793182E-005 0.2793182E-005
   3.300 0.5409765E-005 0.5409765E-005
   3.400 0.1014311E-004 0.1014311E-004
   3.500 0.1845154E-004 0.1845154E-004
   3.600 0.3263960E-004 0.3263960E-004
   3.700 0.5624844E-004 0.5624844E-004
   3.800 0.9459998E-004 0.9459998E-004
   3.900 0.1555125E-003 0.1555125E-003
   4.000 0.2502566E-003 0.2502566E-003
   4.100 0.3945860E-003 0.3945860E-003
   4.200 0.6105752E-003 0.6105752E-003
   4.300 0.9279820E-003 0.9279820E-003
   4.400 0.1386539E-002 0.1386539E-002
   4.500 0.2038140E-002 0.2038140E-002
   4.600 0.2949982E-002 0.2949982E-002
   4.700 0.4205853E-002 0.4205853E-002
   4.800 0.5909534E-002 0.5909534E-002
   4.900 0.8185330E-002 0.8185330E-002
   5.000 0.1117721E-001 0.1117721E-001
   5.100 0.1504814E-001 0.1504814E-001
   5.200 0.1997230E-001 0.1997230E-001
   5.300 0.2612582E-001 0.2612582E-001
   5.400 0.3367496E-001 0.3367496E-001
   5.500 0.4276123E-001 0.4276123E-001
   5.600 0.5347876E-001 0.5347876E-001
   5.700 0.6585977E-001 0.6585977E-001
   5.800 0.7988674E-001 0.7988674E-001
   5.900 0.9546004E-001 0.9546004E-001
   6.000 0.1124451E+000 0.1124451E+000
   6.100 0.1306887E+000 0.1306887E+000
   6.200 0.1499637E+000 0.1499637E+000
   6.300 0.1700647E+000 0.1700647E+000
   6.400 0.1909231E+000 0.1909231E+000
   6.500 0.2123792E+000 0.2123792E+000
   6.600 0.2341755E+000 0.2341755E+000
   6.700 0.2560602E+000 0.2560602E+000
   6.800 0.2778146E+000 0.2778146E+000
   6.900 0.2992361E+000 0.2992361E+000
   7.000 0.3201722E+000 0.3201722E+000
   7.100 0.3405113E+000 0.3405113E+000
   7.200 0.3604015E+000 0.3604015E+000
   7.300 0.3798606E+000 0.3798606E+000
   7.400 0.3988588E+000 0.3988588E+000
   7.500 0.4173240E+000 0.4173240E+000
   7.600 0.4354539E+000 0.4354539E+000
   7.700 0.4532055E+000 0.4532055E+000
   7.800 0.4706137E+000 0.4706137E+000
   7.900 0.4876806E+000 0.4876806E+000
   8.000 0.5044054E+000 0.5044054E+000
   8.100 0.5207466E+000 0.5207466E+000
   8.200 0.5366382E+000 0.5366382E+000
   8.300 0.5519839E+000 0.5519839E+000
   8.400 0.5667225E+000 0.5667225E+000
   8.500 0.5809153E+000 0.5809153E+000
   8.600 0.5945908E+000 0.5945908E+000
   8.700 0.6076870E+000 0.6076870E+000
   8.800 0.6201929E+000 0.6201929E+000
   8.900 0.6321092E+000 0.6321092E+000
   9.000 0.6434923E+000 0.6434923E+000
   9.100 0.6544206E+000 0.6544206E+000
   9.200 0.6649863E+000 0.6649863E+000
   9.300 0.6753000E+000 0.6753000E+000
   9.400 0.6854731E+000 0.6854731E+000
   9.500 0.6955842E+000 0.6955842E+000
   9.600 0.7057239E+000 0.7057239E+000
   9.700 0.7158977E+000 0.7158977E+000
   9.800 0.7261510E+000 0.7261510E+000
   9.900 0.7364281E+000 0.7364281E+000
  10.000 0.7467010E+000 0.7467010E+000
  10.100 0.7567163E+000 0.7567163E+000
  10.200 0.7666994E+000 0.7666994E+000
  10.300 0.7763732E+000 0.7763732E+000
  10.400 0.7856891E+000 0.7856891E+000
  10.500 0.7946795E+000 0.7946795E+000
  10.600 0.8032565E+000 0.8032565E+000
  10.700 0.8113619E+000 0.8113619E+000
  10.800 0.8189393E+000 0.8189393E+000
  10.900 0.8259802E+000 0.8259802E+000
  11.000 0.8324903E+000 0.8324903E+000
  11.100 0.8384950E+000 0.8384950E+000
  11.200 0.8440577E+000 0.8440577E+000
  11.300 0.8492589E+000 0.8492589E+000
  11.400 0.8541691E+000 0.8541691E+000
  11.500 0.8588961E+000 0.8588961E+000
  11.600 0.8635200E+000 0.8635200E+000
  11.700 0.8681445E+000 0.8681445E+000
  11.800 0.8728509E+000 0.8728509E+000
  11.900 0.8777103E+000 0.8777103E+000
  12.000 0.8827645E+000 0.8827645E+000
  12.100 0.8878906E+000 0.8878906E+000
  12.200 0.8934617E+000 0.8934617E+000
  12.300 0.8992797E+000 0.8992797E+000
  12.400 0.9053369E+000 0.9053369E+000
  12.500 0.9115782E+000 0.9115782E+000
  12.600 0.9179228E+000 0.9179228E+000
  12.700 0.9243475E+000 0.9243475E+000
  12.800 0.9307387E+000 0.9307387E+000
  12.900 0.9370331E+000 0.9370331E+000
  13.000 0.9431334E+000 0.9431334E+000
  13.100 0.9490482E+000 0.9490482E+000
  13.200 0.9547212E+000 0.9547212E+000
  13.300 0.9600906E+000 0.9600906E+000
  13.400 0.9650954E+000 0.9650954E+000
  13.500 0.9696940E+000 0.9696940E+000
  13.600 0.9738605E+000 0.9738605E+000
  13.700 0.9775804E+000 0.9775804E+000
  13.800 0.9808543E+000 0.9808543E+000
  13.900 0.9837050E+000 0.9837050E+000
  14.000 0.9861582E+000 0.9861582E+000
  14.100 0.9882626E+000 0.9882626E+000
  14.200 0.9900571E+000 0.9900571E+000
  14.300 0.9916006E+000 0.9916006E+000
  14.400 0.9929645E+000 0.9929645E+000
  14.500 0.9939690E+000 0.9939690E+000
  14.600 0.9951578E+000 0.9951578E+000
  14.700 0.9963469E+000 0.9963469E+000
  14.800 0.9976005E+000 0.9976005E+000
  14.900 0.9989699E+000 0.9989699E+000
  15.000 0.1000510E+001 0.1000510E+001
  15.100 0.1002262E+001 0.1002262E+001
  15.200 0.1004244E+001 0.1004244E+001
  15.300 0.1006494E+001 0.1006494E+001
  15.400 0.1009027E+001 0.1009027E+001
  15.500 0.1011862E+001 0.1011862E+001
  15.600 0.1014975E+001 0.1014975E+001
  15.700 0.1018338E+001 0.1018338E+001
  15.800 0.1021963E+001 0.1021963E+001
  15.900 0.1025777E+001 0.1025777E+001
  16.000 0.1029784E+001 0.1029784E+001
  16.100 0.1033877E+001 0.1033877E+001
  16.200 0.1038052E+001 0.1038052E+001
  16.300 0.1042234E+001 0.1042234E+001
  16.400 0.1046352E+001 0.1046352E+001
  16.500 0.1050355E+001 0.1050355E+001
  16.600 0.1054245E+001 0.1054245E+001
  16.700 0.1057977E+001 0.1057977E+001
  16.800 0.1061505E+001 0.1061505E+001
  16.900 0.1064784E+001 0.1064784E+001
  17.000 0.1067779E+001 0.1067779E+001
  17.100 0.1070462E+001 0.1070462E+001
  17.200 0.1072813E+001 0.1072813E+001
  17.300 0.1074822E+001 0.1074822E+001
  17.400 0.1076486E+001 0.1076486E+001
  17.500 0.1077805E+001 0.1077805E+001
  17.600 0.1078795E+001 0.1078795E+001
  17.700 0.1079467E+001 0.1079467E+001
  17.800 0.1079856E+001 0.1079856E+001
  17.900 0.1079990E+001 0.1079990E+001
  18.000 0.1079888E+001 0.1079888E+001
  18.100 0.1079598E+001 0.1079598E+001
  18.200 0.1079144E+001 0.1079144E+001
  18.300 0.1078573E+001 0.1078573E+001
  18.400 0.1077921E+001 0.1077921E+001
  18.500 0.1077225E+001 0.1077225E+001
  18.600 0.1076350E+001 0.1076350E+001
  18.700 0.1075686E+001 0.1075686E+001
  18.800 0.1075085E+001 0.1075085E+001
  18.900 0.1074581E+001 0.1074581E+001
  19.000 0.1074214E+001 0.1074214E+001
  19.100 0.1074007E+001 0.1074007E+001
  19.200 0.1073968E+001 0.1073968E+001
  19.300 0.1074154E+001 0.1074154E+001
  19.400 0.1074553E+001 0.1074553E+001
  19.500 0.1075188E+001 0.1075188E+001
  19.600 0.1076084E+001 0.1076084E+001
  19.700 0.1077216E+001 0.1077216E+001
  19.800 0.1078607E+001 0.1078607E+001
